{
  "w": 504.0,
  "h": 378.0,
  "fl_x": 407.5657916100737,
  "fl_y": 407.5657916100737,
  "cx": 252.0,
  "cy": 189.0,
  "aabb_scale": 2,
  "frames": [
    {
      "file_path": "images_8/image001.png",
      "transform_matrix": [
        [
          0.08408334822777382,
          -0.04638248137552727,
          0.9953786495475183,
          4.0061970919588665
        ],
        [
          0.9964177726469499,
          -0.005142571203984571,
          -0.08441075947237772,
          -0.4346699040638096
        ],
        [
          0.009033986059345791,
          0.9989105162053536,
          0.045783924176710754,
          0.2128488002450295
        ],
        [
          0.0,
          0.0,
          0.0,
          1.0
        ]
      ]
    },
    {
      "file_path": "images_8/image002.png",
      "transform_matrix": [
        [
          0.043777769368468285,
          -0.02919270888362424,
          0.9986146867836174,
          3.9946653885301266
        ],
        [
          0.9990410712559682,
          0.0019465456528863219,
          -0.04373955765378277,
          -0.19487009088647828
        ],
        [
          -0.0006669729041817075,
          0.9995719067234947,
          0.029249930582616827,
          0.19394197228336965
        ],
        [
          0.0,
          0.0,
          0.0,
          1.0
        ]
      ]
    },
    {
      "file_path": "images_8/image003.png",
      "transform_matrix": [
        [
          -0.05097746584263893,
          -0.024715165641760958,
          0.9983939395681187,
          3.9964770774385805
        ],
        [
          0.9986835338554234,
          0.004444767186886656,
          0.05110228224548868,
          0.14209899634726458
        ],
        [
          -0.005700629992548145,
          0.9996846525953772,
          0.02445604599548798,
          0.17029402844405703
        ],
        [
          0.0,
          0.0,
          0.0,
          1.0
        ]
      ]
    },
    {
      "file_path": "images_8/image004.png",
      "transform_matrix": [
        [
          -0.06367796968460367,
          -0.011191409759806597,
          0.9979077454991621,
          3.9581619075629173
        ],
        [
          0.9979600286566654,
          0.0038662856775434876,
          0.06372466585747755,
          0.302893577740591
        ],
        [
          -0.00457136527135091,
          0.999929899635686,
          0.010922382382438442,
          0.13274464771553174
        ],
        [
          0.0,
          0.0,
          0.0,
          1.0
        ]
      ]
    },
    {
      "file_path": "images_8/image005.png",
      "transform_matrix": [
        [
          -0.055331462797702555,
          -0.013598067293236074,
          0.9983754413011872,
          3.96779930420699
        ],
        [
          0.9984144453546011,
          0.00960666316614289,
          0.0554644690777505,
          0.35611761467770453
        ],
        [
          -0.010345266160832632,
          0.9998613926897498,
          0.013044956088883335,
          0.03579385238285041
        ],
        [
          0.0,
          0.0,
          0.0,
          1.0
        ]
      ]
    },
    {
      "file_path": "images_8/image006.png",
      "transform_matrix": [
        [
          0.0009325543520408109,
          -0.01487357141333754,
          0.9998889474429539,
          3.993482894097339
        ],
        [
          0.9999902377653336,
          0.004332505002153342,
          -0.0008682018417011541,
          0.04428187523593373
        ],
        [
          -0.004319110604300705,
          0.9998799959378143,
          0.01487746651043807,
          0.047047383045396726
        ],
        [
          0.0,
          0.0,
          0.0,
          1.0
        ]
      ]
    },
    {
      "file_path": "images_8/image007.png",
      "transform_matrix": [
        [
          0.08937782112357567,
          -0.019083585500597248,
          0.9958149536226242,
          4.014142381977958
        ],
        [
          0.9959960449111729,
          0.0035860997939238734,
          -0.08932535143826154,
          -0.3210300276592384
        ],
        [
          -0.0018664438184294425,
          0.9998114605541861,
          0.019327693467231684,
          0.06087379465976216
        ],
        [
          0.0,
          0.0,
          0.0,
          1.0
        ]
      ]
    },
    {
      "file_path": "images_8/image009.png",
      "transform_matrix": [
        [
          0.21164591209802322,
          -0.018496115987638225,
          0.977171377798364,
          3.9794362066872235
        ],
        [
          0.9772485091668021,
          -0.010146404980586377,
          -0.2118546714076245,
          -0.8290358367116774
        ],
        [
          0.013833265109458181,
          0.9997774473162148,
          0.01592785663766358,
          0.06006451774355503
        ],
        [
          0.0,
          0.0,
          0.0,
          1.0
        ]
      ]
    },
    {
      "file_path": "images_8/image010.png",
      "transform_matrix": [
        [
          0.197644598240412,
          0.00468309567612389,
          0.98026255738147,
          4.002974507159509
        ],
        [
          0.980264337857576,
          -0.005324834644001507,
          -0.19761951842027686,
          -0.822060078926324
        ],
        [
          0.00429426491353068,
          0.9999748570607602,
          -0.005643096485989578,
          -0.07508398054590187
        ],
        [
          0.0,
          0.0,
          0.0,
          1.0
        ]
      ]
    },
    {
      "file_path": "images_8/image011.png",
      "transform_matrix": [
        [
          0.1116770172433121,
          0.011223988638899075,
          0.9936811691390031,
          4.009432088428396
        ],
        [
          0.9937444431658324,
          -0.0007835281032363297,
          -0.11167527819862753,
          -0.45536728980597757
        ],
        [
          -0.0004748649320701467,
          0.999936702079452,
          -0.011241278421558138,
          -0.04606533772479214
        ],
        [
          0.0,
          0.0,
          0.0,
          1.0
        ]
      ]
    },
    {
      "file_path": "images_8/image012.png",
      "transform_matrix": [
        [
          -0.008478417184194759,
          -0.013147809222938175,
          0.9998776182900952,
          3.9948021797998523
        ],
        [
          0.9997934606061802,
          -0.018580840762877162,
          0.008233376322181098,
          -0.1427352680296021
        ],
        [
          0.018470315946668443,
          0.9997409101722136,
          0.013302629802011974,
          -0.055196521921878405
        ],
        [
          0.0,
          0.0,
          0.0,
          1.0
        ]
      ]
    },
    {
      "file_path": "images_8/image013.png",
      "transform_matrix": [
        [
          -0.058739653347841404,
          -0.0002540225276119002,
          0.9982733035596595,
          3.9644612832221395
        ],
        [
          0.9980963795071892,
          -0.018842940574889958,
          0.05872444810410929,
          0.14067127480773475
        ],
        [
          0.018795487203733734,
          0.9998224237662561,
          0.001360366762545711,
          -0.060074303796130685
        ],
        [
          0.0,
          0.0,
          0.0,
          1.0
        ]
      ]
    },
    {
      "file_path": "images_8/image014.png",
      "transform_matrix": [
        [
          -0.0959831686778335,
          0.035912011537272116,
          0.9947349188405396,
          3.9222173878400324
        ],
        [
          0.9953162129730012,
          -0.008110039991062289,
          0.09633204785753538,
          0.3857756770903752
        ],
        [
          0.011526817586371736,
          0.9993220475309625,
          -0.034965379987074316,
          -0.06099828767370614
        ],
        [
          0.0,
          0.0,
          0.0,
          1.0
        ]
      ]
    },
    {
      "file_path": "images_8/image015.png",
      "transform_matrix": [
        [
          -0.10576983509599716,
          0.05576679886458013,
          0.992825667542368,
          3.9127110140362698
        ],
        [
          0.9942185322488306,
          -0.012644444866837292,
          0.10662845842921395,
          0.43412686816403967
        ],
        [
          0.018500057210082622,
          0.998363752427537,
          -0.05410698406691279,
          -0.13827546989905082
        ],
        [
          0.0,
          0.0,
          0.0,
          1.0
        ]
      ]
    },
    {
      "file_path": "images_8/image017.png",
      "transform_matrix": [
        [
          0.06906855809630205,
          0.029230310420830602,
          0.9971835955519849,
          3.948370418252474
        ],
        [
          0.9973721894671945,
          0.01988862294468512,
          -0.0696646133612953,
          -0.18736952731722184
        ],
        [
          -0.02186892681245662,
          0.9993748203916537,
          -0.02777982019391915,
          -0.17558537623709114
        ],
        [
          0.0,
          0.0,
          0.0,
          1.0
        ]
      ]
    },
    {
      "file_path": "images_8/image018.png",
      "transform_matrix": [
        [
          0.14125728017634093,
          0.037806606627772785,
          0.9892507474322478,
          3.9274722679377594
        ],
        [
          0.989849194396624,
          0.010404093715965033,
          -0.14174035129878826,
          -0.4847959247600541
        ],
        [
          -0.01565097918970917,
          0.9992309119177746,
          -0.035953185132353974,
          -0.19871892558176374
        ],
        [
          0.0,
          0.0,
          0.0,
          1.0
        ]
      ]
    },
    {
      "file_path": "images_8/image019.png",
      "transform_matrix": [
        [
          0.17578535127635722,
          0.046737769428906055,
          0.983318407835551,
          3.88455510453296
        ],
        [
          0.9829130627838891,
          0.04707061064889641,
          -0.17795018578786143,
          -0.7130500923884879
        ],
        [
          -0.05460239267230403,
          0.9977975438558312,
          -0.037664840269344385,
          -0.20353172673682415
        ],
        [
          0.0,
          0.0,
          0.0,
          1.0
        ]
      ]
    }
  ]
}