{
  "w": 504.0,
  "h": 378.0,
  "fl_x": 383.829783860205,
  "fl_y": 383.829783860205,
  "cx": 252.0,
  "cy": 189.0,
  "aabb_scale": 2,
  "frames": [
    {
      "file_path": "images_8/DJI_20200226_143851_396.png",
      "transform_matrix": [
        [
          0.08559760395516096,
          -0.07498011358701084,
          0.9935044201038453,
          3.9389519198574754
        ],
        [
          0.9963270270884738,
          0.004093442266405788,
          -0.08553185852917893,
          -0.3151061521080383
        ],
        [
          0.0023463354827119236,
          0.9971766274332519,
          0.07505510251083569,
          0.3229491451195399
        ],
        [
          0.0,
          0.0,
          0.0,
          1.0
        ]
      ]
    },
    {
      "file_path": "images_8/DJI_20200226_143852_910.png",
      "transform_matrix": [
        [
          0.011224940059482973,
          -0.06768756620748027,
          0.9976434203180173,
          3.9344667991906563
        ],
        [
          0.9999355732092958,
          -0.0009246372109194277,
          -0.011313464395368962,
          -0.032769285898418404
        ],
        [
          0.0016882390999524766,
          0.9977061383138822,
          0.06767282631754959,
          0.3140281581712828
        ],
        [
          0.0,
          0.0,
          0.0,
          1.0
        ]
      ]
    },
    {
      "file_path": "images_8/DJI_20200226_143854_410.png",
      "transform_matrix": [
        [
          -0.054634547702276284,
          -0.06413001820286021,
          0.9964448840577845,
          3.9553291380961717
        ],
        [
          0.9985005975992776,
          -0.006916206805771797,
          0.05430214247435635,
          0.2069531026045307
        ],
        [
          0.003409221503362157,
          0.997917585199792,
          0.0644117253302572,
          0.2920857575201905
        ],
        [
          0.0,
          0.0,
          0.0,
          1.0
        ]
      ]
    },
    {
      "file_path": "images_8/DJI_20200226_143855_969.png",
      "transform_matrix": [
        [
          -0.10909680556298051,
          -0.06311576803522724,
          0.9920253458675036,
          4.003100292269724
        ],
        [
          0.9940221524818709,
          -0.01116842209170233,
          0.10860583190275627,
          0.42853181313493205
        ],
        [
          0.004224617294668024,
          0.997943718941889,
          0.06395691077130679,
          0.2743124353445448
        ],
        [
          0.0,
          0.0,
          0.0,
          1.0
        ]
      ]
    },
    {
      "file_path": "images_8/DJI_20200226_143857_455.png",
      "transform_matrix": [
        [
          -0.10884142310560269,
          -0.030936847483270566,
          0.993577604460974,
          4.000835820418723
        ],
        [
          0.9940523393243557,
          -0.007080523324799632,
          0.10867296293569531,
          0.4426622672074244
        ],
        [
          0.0036730505234877516,
          0.9994962619537441,
          0.0315234998470695,
          0.15365970367312576
        ],
        [
          0.0,
          0.0,
          0.0,
          1.0
        ]
      ]
    },
    {
      "file_path": "images_8/DJI_20200226_143858_657.png",
      "transform_matrix": [
        [
          -0.07755114594962398,
          -0.03383966695271192,
          0.9964139183615878,
          3.961681793876284
        ],
        [
          0.9969797309028601,
          -0.006793968806050835,
          0.0773644502127636,
          0.29460703615582173
        ],
        [
          0.004151617850083931,
          0.9994041819657626,
          0.03426434211881235,
          0.15742764633982012
        ],
        [
          0.0,
          0.0,
          0.0,
          1.0
        ]
      ]
    },
    {
      "file_path": "images_8/DJI_20200226_143900_082.png",
      "transform_matrix": [
        [
          -0.020973098478033147,
          -0.0353605543890075,
          0.9991545227520098,
          3.9412974800988883
        ],
        [
          0.9997748362089036,
          -0.003966307592650149,
          0.02084574986755477,
          0.09629175648778338
        ],
        [
          0.0032258368978507167,
          0.9993667492965963,
          0.0354357782322608,
          0.15869001204574312
        ],
        [
          0.0,
          0.0,
          0.0,
          1.0
        ]
      ]
    },
    {
      "file_path": "images_8/DJI_20200226_143902_603.png",
      "transform_matrix": [
        [
          0.06785680516302424,
          -0.04319550096206964,
          0.9967595510914187,
          3.9482647829509943
        ],
        [
          0.9976879242843802,
          -0.0008435214787045865,
          -0.06795656118903906,
          -0.27525242432898983
        ],
        [
          0.003776205794669633,
          0.999066282671182,
          0.0430383910206399,
          0.16774370233634897
        ],
        [
          0.0,
          0.0,
          0.0,
          1.0
        ]
      ]
    },
    {
      "file_path": "images_8/DJI_20200226_143903_817.png",
      "transform_matrix": [
        [
          0.11310277459358857,
          -0.04276549126650457,
          0.9926625182498983,
          3.9588022638211764
        ],
        [
          0.9935818487253659,
          0.003163986507820904,
          -0.11307121239671218,
          -0.45775919278754545
        ],
        [
          0.001694775131682474,
          0.9990801278918403,
          0.04284887152703331,
          0.17838305182400335
        ],
        [
          0.0,
          0.0,
          0.0,
          1.0
        ]
      ]
    },
    {
      "file_path": "images_8/DJI_20200226_143905_272.png",
      "transform_matrix": [
        [
          0.12892358008921073,
          -0.0002923365979805757,
          0.9916544887401851,
          3.9598956458554513
        ],
        [
          0.9916540143669278,
          -0.0009835775401042597,
          -0.12892380837215278,
          -0.5002738603308136
        ],
        [
          0.0010130582302066307,
          0.999999473558261,
          0.0001630904231682101,
          0.018350919670591225
        ],
        [
          0.0,
          0.0,
          0.0,
          1.0
        ]
      ]
    },
    {
      "file_path": "images_8/DJI_20200226_143906_682.png",
      "transform_matrix": [
        [
          0.08614553796322588,
          0.005515411927212432,
          0.9962672967244096,
          3.9481320650016642
        ],
        [
          0.9962817871641774,
          -0.0017252480519083903,
          -0.08613723982176319,
          -0.3342811806785535
        ],
        [
          0.001243725852963715,
          0.9999833017369321,
          -0.005643526873341493,
          -0.0035450509016879913
        ],
        [
          0.0,
          0.0,
          0.0,
          1.0
        ]
      ]
    },
    {
      "file_path": "images_8/DJI_20200226_143908_032.png",
      "transform_matrix": [
        [
          0.036395473759311424,
          0.0013986137490366185,
          0.999336486560798,
          3.939995500292032
        ],
        [
          0.9993361881828565,
          -0.001649642170377904,
          -0.036393154148382297,
          -0.1528040100916597
        ],
        [
          0.0015976476448652463,
          0.9999976612785422,
          -0.0014577248410266464,
          0.0069086697919476005
        ],
        [
          0.0,
          0.0,
          0.0,
          1.0
        ]
      ]
    },
    {
      "file_path": "images_8/DJI_20200226_143909_533.png",
      "transform_matrix": [
        [
          -0.012460008850293164,
          0.0024860642789281415,
          0.9999192805752447,
          3.9540204213807515
        ],
        [
          0.9999220027342929,
          -0.0008273551433867699,
          0.012462099795275933,
          0.03506996314407017
        ],
        [
          0.0008582699408969996,
          0.9999965674791744,
          -0.002475561520303098,
          -0.0006949998809356045
        ],
        [
          0.0,
          0.0,
          0.0,
          1.0
        ]
      ]
    },
    {
      "file_path": "images_8/DJI_20200226_143910_733.png",
      "transform_matrix": [
        [
          -0.06313811622789119,
          0.0033853061119411957,
          0.9979990571057598,
          3.9729636249227562
        ],
        [
          0.9980043235913404,
          -0.000761616254597274,
          0.06314103288410317,
          0.2396720665393593
        ],
        [
          0.0009738440285013371,
          0.9999939798046149,
          -0.0033304631207937098,
          -0.009997822974903514
        ],
        [
          0.0,
          0.0,
          0.0,
          1.0
        ]
      ]
    },
    {
      "file_path": "images_8/DJI_20200226_143913_463.png",
      "transform_matrix": [
        [
          -0.1102306627176347,
          0.04374024037427162,
          0.9929430962402103,
          4.013332298018758
        ],
        [
          0.9939052706146575,
          0.0036142654890852334,
          0.11017826523130171,
          0.44740991020129406
        ],
        [
          0.0012304638398709638,
          0.9990363999671077,
          -0.04387205832603995,
          -0.18509236523735476
        ],
        [
          0.0,
          0.0,
          0.0,
          1.0
        ]
      ]
    },
    {
      "file_path": "images_8/DJI_20200226_143914_572.png",
      "transform_matrix": [
        [
          -0.08135114056866416,
          0.04693181517405894,
          0.9955799298172442,
          4.019254207197892
        ],
        [
          0.996685496360642,
          0.003946114734775727,
          0.08125545841874722,
          0.30883408071712115
        ],
        [
          -0.0001152064743067326,
          0.998890300736388,
          -0.04709728043635168,
          -0.21134056124659908
        ],
        [
          0.0,
          0.0,
          0.0,
          1.0
        ]
      ]
    },
    {
      "file_path": "images_8/DJI_20200226_143917_136.png",
      "transform_matrix": [
        [
          -0.035805431037341476,
          0.05453129130515727,
          0.9978698859967093,
          4.006833729038423
        ],
        [
          0.9993587774700721,
          0.0020244322159330246,
          0.03574822467936337,
          0.15355942659522911
        ],
        [
          -7.072309088857684e-05,
          0.998510009937336,
          -0.05456881028068371,
          -0.22207733238981964
        ],
        [
          0.0,
          0.0,
          0.0,
          1.0
        ]
      ]
    },
    {
      "file_path": "images_8/DJI_20200226_143918_576.png",
      "transform_matrix": [
        [
          -0.00011745266539181085,
          0.049881620262772146,
          0.9987551302331796,
          4.018446185289234
        ],
        [
          0.9999997664241924,
          -0.0006666205708931543,
          0.00015089259377148016,
          0.012947831722149358
        ],
        [
          0.0006733174821614829,
          0.9987549146708808,
          -0.04988153031526956,
          -0.1976996096908806
        ],
        [
          0.0,
          0.0,
          0.0,
          1.0
        ]
      ]
    },
    {
      "file_path": "images_8/DJI_20200226_143920_018.png",
      "transform_matrix": [
        [
          0.04549321376460927,
          0.042314699139339856,
          0.9980680506560552,
          4.026950355685784
        ],
        [
          0.9989634924909992,
          -0.003446500970621285,
          -0.045387909196664813,
          -0.1839107430020949
        ],
        [
          0.0015192667831116372,
          0.9990983874824692,
          -0.04242763204133725,
          -0.17239275561312875
        ],
        [
          0.0,
          0.0,
          0.0,
          1.0
        ]
      ]
    },
    {
      "file_path": "images_8/DJI_20200226_143921_201.png",
      "transform_matrix": [
        [
          0.08538405985181402,
          0.04207200076752803,
          0.9954594462241554,
          4.02843370246544
        ],
        [
          0.996346551169218,
          -0.005374496333824022,
          -0.08523300277687527,
          -0.3414448042554303
        ],
        [
          0.0017641701859547989,
          0.9991001258847072,
          -0.04237718918215585,
          -0.17754622730081399
        ],
        [
          0.0,
          0.0,
          0.0,
          1.0
        ]
      ]
    },
    {
      "file_path": "images_8/DJI_20200226_143924_817.png",
      "transform_matrix": [
        [
          0.08419935129583944,
          0.06537554606795376,
          0.9943020201226285,
          4.081992250904964
        ],
        [
          0.9964485620322756,
          -0.006381234590176143,
          -0.08396155708962955,
          -0.333386124431422
        ],
        [
          0.0008558418004383222,
          0.9978403268177154,
          -0.06568066468444675,
          -0.28254490363471735
        ],
        [
          0.0,
          0.0,
          0.0,
          1.0
        ]
      ]
    },
    {
      "file_path": "images_8/DJI_20200226_143927_413.png",
      "transform_matrix": [
        [
          0.012300950984190255,
          0.06124222971537047,
          0.998047131104858,
          4.062082740482274
        ],
        [
          0.9999237229860214,
          -0.0018626141176201706,
          -0.012209786174344808,
          -0.044040572934960005
        ],
        [
          0.0011112221467814406,
          0.9981211950311456,
          -0.061260470265921706,
          -0.2609452517271344
        ],
        [
          0.0,
          0.0,
          0.0,
          1.0
        ]
      ]
    },
    {
      "file_path": "images_8/DJI_20200226_143928_568.png",
      "transform_matrix": [
        [
          -0.02014171354267512,
          0.06272967353751832,
          0.9978272893821378,
          4.063204918068451
        ],
        [
          0.9997964942943339,
          0.0001337625385705999,
          0.020173053917120747,
          0.08146317516338446
        ],
        [
          0.0011319771751929651,
          0.9980305457087588,
          -0.06271960189777352,
          -0.269489759445317
        ],
        [
          0.0,
          0.0,
          0.0,
          1.0
        ]
      ]
    },
    {
      "file_path": "images_8/DJI_20200226_143929_618.png",
      "transform_matrix": [
        [
          -0.04816402174652267,
          0.0621163789235637,
          0.9969061051477658,
          4.066908069141557
        ],
        [
          0.9988394338450863,
          0.002883958419092605,
          0.04807773060226554,
          0.21097419467904716
        ],
        [
          0.00011137877688962544,
          0.9980647465247556,
          -0.06218319179253249,
          -0.2677527127564866
        ],
        [
          0.0,
          0.0,
          0.0,
          1.0
        ]
      ]
    },
    {
      "file_path": "images_8/DJI_20200226_143930_936.png",
      "transform_matrix": [
        [
          -0.08501108114306079,
          0.062187971378408084,
          0.9944374149744113,
          4.091712777502234
        ],
        [
          0.9963787445175655,
          0.0037177893993534643,
          0.08494454376581212,
          0.3413859025647284
        ],
        [
          0.0015854199767479304,
          0.998057530536233,
          -0.062278826142413805,
          -0.26319827252246764
        ],
        [
          0.0,
          0.0,
          0.0,
          1.0
        ]
      ]
    },
    {
      "file_path": "images_8/DJI_20200226_143933_787.png",
      "transform_matrix": [
        [
          -0.05433335010729187,
          -0.037857294371273914,
          0.9978049470368788,
          3.9766723551303866
        ],
        [
          0.9985227335877079,
          -0.0015721698411821498,
          0.05431278662084836,
          0.21739306744547574
        ],
        [
          -0.00048741630611590976,
          0.9992819189533755,
          0.03788679031624804,
          0.14340645172409391
        ],
        [
          0.0,
          0.0,
          0.0,
          1.0
        ]
      ]
    },
    {
      "file_path": "images_8/DJI_20200226_143935_646.png",
      "transform_matrix": [
        [
          -0.02661474692140257,
          -0.04061460581882839,
          0.9988203587446313,
          3.9573565501028147
        ],
        [
          0.9996457355760955,
          -0.0008393891860532591,
          0.02660260833680056,
          0.08592470881677085
        ],
        [
          -0.00024205544341175103,
          0.9991745339139897,
          0.04062255763965123,
          0.15841585567890218
        ],
        [
          0.0,
          0.0,
          0.0,
          1.0
        ]
      ]
    },
    {
      "file_path": "images_8/DJI_20200226_143936_861.png",
      "transform_matrix": [
        [
          0.01965990650428567,
          -0.04688067498861843,
          0.9987070092830618,
          3.9515801316866113
        ],
        [
          0.9998063468933688,
          0.0017909942436734748,
          -0.019597475637336288,
          -0.08183822629825892
        ],
        [
          -0.0008699356187909866,
          0.9988988911068496,
          0.046906807179646216,
          0.17846426338649704
        ],
        [
          0.0,
          0.0,
          0.0,
          1.0
        ]
      ]
    },
    {
      "file_path": "images_8/DJI_20200226_143939_277.png",
      "transform_matrix": [
        [
          0.07616910263739862,
          -0.02509356518767161,
          0.9967791033081747,
          3.9752649602133423
        ],
        [
          0.997091919918938,
          0.004366830963693499,
          -0.07608307314837384,
          -0.29387247190290344
        ],
        [
          -0.002443570296561674,
          0.9996755692602326,
          0.025353208686460228,
          0.04818267307915441
        ],
        [
          0.0,
          0.0,
          0.0,
          1.0
        ]
      ]
    },
    {
      "file_path": "images_8/DJI_20200226_143940_416.png",
      "transform_matrix": [
        [
          0.04512437878961619,
          -0.01075335877162774,
          0.9989234984303068,
          3.956922364451356
        ],
        [
          0.9989634539170416,
          0.00647547270175075,
          -0.0450564755770325,
          -0.14326738069657713
        ],
        [
          -0.005983993398357897,
          0.999921213661697,
          0.011034414102749964,
          0.023921902820824306
        ],
        [
          0.0,
          0.0,
          0.0,
          1.0
        ]
      ]
    },
    {
      "file_path": "images_8/DJI_20200226_143941_511.png",
      "transform_matrix": [
        [
          0.0010147684795231773,
          -0.01083935669881787,
          0.9999407375407563,
          3.9586978448442
        ],
        [
          0.999991987621086,
          0.003883103726595374,
          -0.000972727648646066,
          0.011771284615999236
        ],
        [
          -0.003872329862364562,
          0.9999337127300327,
          0.010843210301049261,
          0.025402860980364542
        ],
        [
          0.0,
          0.0,
          0.0,
          1.0
        ]
      ]
    },
    {
      "file_path": "images_8/DJI_20200226_143942_875.png",
      "transform_matrix": [
        [
          -0.06424460301066921,
          -0.006547209590880699,
          0.9979127041143618,
          3.961073786225383
        ],
        [
          0.9979285689917717,
          0.002932330012616556,
          0.06426486311143653,
          0.2413215504293585
        ],
        [
          -0.00334696490036572,
          0.9999742674136837,
          0.006345261120359944,
          0.0023016277417405727
        ],
        [
          0.0,
          0.0,
          0.0,
          1.0
        ]
      ]
    },
    {
      "file_path": "images_8/DJI_20200226_143944_181.png",
      "transform_matrix": [
        [
          -0.07368359887972113,
          0.03355656072343755,
          0.9967169530467563,
          3.978255525046055
        ],
        [
          0.997275247637642,
          0.006065800053963462,
          0.0735206536898656,
          0.2791352232651012
        ],
        [
          -0.003578785467606512,
          0.9994184125301989,
          -0.033912077383394613,
          -0.17728071393192582
        ],
        [
          0.0,
          0.0,
          0.0,
          1.0
        ]
      ]
    },
    {
      "file_path": "images_8/DJI_20200226_143945_441.png",
      "transform_matrix": [
        [
          -0.04572090424530237,
          0.0349128639050728,
          0.9983439742149,
          3.9690293539604924
        ],
        [
          0.9989514119229603,
          0.003981288711786544,
          0.04560949415765741,
          0.15010841527460447
        ],
        [
          -0.0023823375327163923,
          0.9993824299418128,
          -0.035058282812211156,
          -0.16621475907342875
        ],
        [
          0.0,
          0.0,
          0.0,
          1.0
        ]
      ]
    },
    {
      "file_path": "images_8/DJI_20200226_143946_704.png",
      "transform_matrix": [
        [
          0.009122976711716529,
          0.029748676123924567,
          0.9995157765473512,
          3.9628755959324304
        ],
        [
          0.9999521545338416,
          0.0032570422270668396,
          -0.009223899341354813,
          -0.03050958907213744
        ],
        [
          -0.003529863884939873,
          0.9995521036679721,
          -0.029717538864261237,
          -0.1409914361874024
        ],
        [
          0.0,
          0.0,
          0.0,
          1.0
        ]
      ]
    }
  ]
}