{
  "w": 504.0,
  "h": 378.0,
  "fl_x": 416.23374464590256,
  "fl_y": 416.23374464590256,
  "cx": 252.0,
  "cy": 189.0,
  "aabb_scale": 2,
  "frames": [
    {
      "file_path": "images_8/DJI_20200223_163551_210.png",
      "transform_matrix": [
        [
          0.02982310411039127,
          -0.047105361787768286,
          0.9984446240813771,
          3.903952417551528
        ],
        [
          0.999495200125135,
          -0.009538467976384604,
          -0.03030449728143091,
          -0.1530936579768978
        ],
        [
          0.01095113638123182,
          0.9988443835375185,
          0.04679711628351892,
          0.3084434804412451
        ],
        [
          0.0,
          0.0,
          0.0,
          1.0
        ]
      ]
    },
    {
      "file_path": "images_8/DJI_20200223_163551_990.png",
      "transform_matrix": [
        [
          0.001708053297981732,
          -0.0454351494722733,
          0.9989658301219825,
          3.888659381601689
        ],
        [
          0.9999969071555743,
          -0.0017283555762034975,
          -0.0017884256451524468,
          -0.01357833471373579
        ],
        [
          0.0018078255494356303,
          0.9989657952024047,
          0.04543205682498243,
          0.3073563529686015
        ],
        [
          0.0,
          0.0,
          0.0,
          1.0
        ]
      ]
    },
    {
      "file_path": "images_8/DJI_20200223_163553_010.png",
      "transform_matrix": [
        [
          -0.022814023499046116,
          -0.04593605060518126,
          0.9986838336488288,
          3.8766921436857604
        ],
        [
          0.9997316743099413,
          0.002960999953842831,
          0.022974156365687944,
          0.07995729241158091
        ],
        [
          -0.004012444794763353,
          0.9989399940632121,
          0.045856172460176335,
          0.3094711552781828
        ],
        [
          0.0,
          0.0,
          0.0,
          1.0
        ]
      ]
    },
    {
      "file_path": "images_8/DJI_20200223_163553_790.png",
      "transform_matrix": [
        [
          -0.05353944187264847,
          -0.049573454558820555,
          0.9973344478017433,
          3.868803235427417
        ],
        [
          0.9984829751619378,
          0.010200853324951764,
          0.05410814082195239,
          0.21960607194966197
        ],
        [
          -0.012855989878246658,
          0.998718386332947,
          0.048952102403303534,
          0.30244425120164115
        ],
        [
          0.0,
          0.0,
          0.0,
          1.0
        ]
      ]
    },
    {
      "file_path": "images_8/DJI_20200223_163554_630.png",
      "transform_matrix": [
        [
          -0.08540753019994435,
          -0.049385726207877546,
          0.9951214015571186,
          3.854804162063013
        ],
        [
          0.9961103899793703,
          0.017491648353842697,
          0.08636048409436146,
          0.3537811538934937
        ],
        [
          -0.0216712888480841,
          0.9986266030352502,
          0.047699716507315616,
          0.29076982311187244
        ],
        [
          0.0,
          0.0,
          0.0,
          1.0
        ]
      ]
    },
    {
      "file_path": "images_8/DJI_20200223_163555_770.png",
      "transform_matrix": [
        [
          -0.13263828254293433,
          -0.05099141415782241,
          0.9898519897899808,
          3.8305293502139457
        ],
        [
          0.99038331590054,
          0.03282412930538128,
          0.13440038735507795,
          0.5899215747225014
        ],
        [
          -0.03934429552064982,
          0.9981595324508314,
          0.046147309699048865,
          0.27649716695573373
        ],
        [
          0.0,
          0.0,
          0.0,
          1.0
        ]
      ]
    },
    {
      "file_path": "images_8/DJI_20200223_163556_700.png",
      "transform_matrix": [
        [
          -0.1638886606333074,
          -0.05232743072344579,
          0.9850900197010636,
          3.8161835559926085
        ],
        [
          0.9852853563780773,
          0.04042332670156265,
          0.16606842314330694,
          0.705754256580839
        ],
        [
          -0.048510549604208135,
          0.9978115025680916,
          0.04493252635723764,
          0.26290763539439277
        ],
        [
          0.0,
          0.0,
          0.0,
          1.0
        ]
      ]
    },
    {
      "file_path": "images_8/DJI_20200223_163558_500.png",
      "transform_matrix": [
        [
          -0.13689235831180255,
          -0.02599517007535459,
          0.9902447845727463,
          3.8689697998535624
        ],
        [
          0.9898534214821354,
          0.03484690047762431,
          0.13775303084583276,
          0.546949866745678
        ],
        [
          -0.03808787492172599,
          0.9990545253712577,
          0.020961133654861012,
          0.16155029512323635
        ],
        [
          0.0,
          0.0,
          0.0,
          1.0
        ]
      ]
    },
    {
      "file_path": "images_8/DJI_20200223_163559_325.png",
      "transform_matrix": [
        [
          -0.10263972668553316,
          -0.02097376883892061,
          0.9944974547637359,
          3.88332086342496
        ],
        [
          0.9944106942898094,
          0.022710245042157424,
          0.1031097272432853,
          0.3792411780063281
        ],
        [
          -0.024747880475731125,
          0.9995220586839256,
          0.018525566688896423,
          0.14400408478261256
        ],
        [
          0.0,
          0.0,
          0.0,
          1.0
        ]
      ]
    },
    {
      "file_path": "images_8/DJI_20200223_163600_150.png",
      "transform_matrix": [
        [
          -0.07148655154679494,
          -0.01644252991948769,
          0.9973060293424142,
          3.9088924126342914
        ],
        [
          0.9973200037174034,
          0.014431399296820132,
          0.07172548291545083,
          0.23697505181256137
        ],
        [
          -0.015571869929393592,
          0.9997606603228194,
          0.015366813030702404,
          0.14412456689608333
        ],
        [
          0.0,
          0.0,
          0.0,
          1.0
        ]
      ]
    },
    {
      "file_path": "images_8/DJI_20200223_163600_960.png",
      "transform_matrix": [
        [
          -0.027216506436899508,
          -0.015413346190947929,
          0.9995107255760222,
          3.9302588290287273
        ],
        [
          0.9996281598508946,
          0.001255227343211079,
          0.02723906087646066,
          0.06986923640044887
        ],
        [
          -0.0016744582677809595,
          0.9998804194344707,
          0.01537345198693573,
          0.15139518528593846
        ],
        [
          0.0,
          0.0,
          0.0,
          1.0
        ]
      ]
    },
    {
      "file_path": "images_8/DJI_20200223_163601_770.png",
      "transform_matrix": [
        [
          -0.0009772464152517557,
          -0.01432746471875023,
          0.9998968790575933,
          3.933923649799352
        ],
        [
          0.9999807845696153,
          -0.006135097835896855,
          0.0008894189569359311,
          -0.07057011365042677
        ],
        [
          0.0061217220601005725,
          0.999878534790209,
          0.014333184912716618,
          0.15047378784208967
        ],
        [
          0.0,
          0.0,
          0.0,
          1.0
        ]
      ]
    },
    {
      "file_path": "images_8/DJI_20200223_163602_580.png",
      "transform_matrix": [
        [
          0.05035034724756167,
          -0.013005359360660447,
          0.9986469361916093,
          3.9706430323889603
        ],
        [
          0.9984408948855519,
          -0.023469189389769256,
          -0.05064559773095169,
          -0.30004010479355325
        ],
        [
          0.024096098277520163,
          0.9996399640781791,
          0.011803400802972264,
          0.14682635260268212
        ],
        [
          0.0,
          0.0,
          0.0,
          1.0
        ]
      ]
    },
    {
      "file_path": "images_8/DJI_20200223_163603_540.png",
      "transform_matrix": [
        [
          0.0931276906574771,
          -0.010753101838722518,
          0.9955961048731509,
          3.983659397978658
        ],
        [
          0.9950153940798048,
          -0.03480790399695585,
          -0.09344931975969709,
          -0.48166768628348483
        ],
        [
          0.035659483690303174,
          0.9993361699774093,
          0.0074579221477730296,
          0.12390505929762871
        ],
        [
          0.0,
          0.0,
          0.0,
          1.0
        ]
      ]
    },
    {
      "file_path": "images_8/DJI_20200223_163605_490.png",
      "transform_matrix": [
        [
          0.08152789893696914,
          0.029057845997151773,
          0.9962473805666278,
          4.03026282122159
        ],
        [
          0.9961736231909605,
          -0.03395262664529797,
          -0.0805315565631241,
          -0.360002349264235
        ],
        [
          0.0314851417902126,
          0.9990009312982764,
          -0.031714746042890186,
          -0.046028449911767494
        ],
        [
          0.0,
          0.0,
          0.0,
          1.0
        ]
      ]
    },
    {
      "file_path": "images_8/DJI_20200223_163606_270.png",
      "transform_matrix": [
        [
          0.04580888418762135,
          0.026929798465392972,
          0.9985871679973846,
          4.006598255145218
        ],
        [
          0.9987370005137896,
          -0.021887391380543495,
          -0.04522550058621632,
          -0.17652895757033057
        ],
        [
          0.020638554557263964,
          0.9993976826359487,
          -0.027898423120687948,
          -0.044122926927656146
        ],
        [
          0.0,
          0.0,
          0.0,
          1.0
        ]
      ]
    },
    {
      "file_path": "images_8/DJI_20200223_163607_050.png",
      "transform_matrix": [
        [
          0.010716820924871896,
          -0.02533002978589301,
          0.9996216981164664,
          3.9767976200965354
        ],
        [
          0.9999141016937328,
          -0.007272338989185372,
          -0.010904234023621185,
          -0.037679534964923996
        ],
        [
          0.007545792422258741,
          0.9996526910290445,
          0.025249917624584572,
          -0.037642005012508514
        ],
        [
          0.0,
          0.0,
          0.0,
          1.0
        ]
      ]
    },
    {
      "file_path": "images_8/DJI_20200223_163607_906.png",
      "transform_matrix": [
        [
          -0.024057610520875627,
          -0.025488765322960332,
          0.9993855883608064,
          3.97878809615798
        ],
        [
          0.9997096325883762,
          0.0007583938547949807,
          0.024084753450576712,
          0.10192364198858617
        ],
        [
          -0.0013718185173466088,
          0.999674820972305,
          0.025463119072167875,
          -0.02643568670744001
        ],
        [
          0.0,
          0.0,
          0.0,
          1.0
        ]
      ]
    },
    {
      "file_path": "images_8/DJI_20200223_163608_715.png",
      "transform_matrix": [
        [
          -0.06304913516414394,
          -0.025562825858543192,
          0.9976829899793408,
          3.965281766224689
        ],
        [
          0.9978785314817915,
          0.014637061222897804,
          0.06343652612258002,
          0.277505305513187
        ],
        [
          -0.016224763875713782,
          0.9995660550347937,
          0.02458574107679944,
          -0.03149807529545387
        ],
        [
          0.0,
          0.0,
          0.0,
          1.0
        ]
      ]
    },
    {
      "file_path": "images_8/DJI_20200223_163609_435.png",
      "transform_matrix": [
        [
          -0.09267522825394942,
          -0.02697699241472481,
          0.9953308715966125,
          3.9466693090300287
        ],
        [
          0.9953593296006005,
          0.02349809790069912,
          0.09331475966905087,
          0.4067919226526069
        ],
        [
          -0.025905733828139228,
          0.9993598357349774,
          0.024674109498079955,
          -0.04533450858940656
        ],
        [
          0.0,
          0.0,
          0.0,
          1.0
        ]
      ]
    },
    {
      "file_path": "images_8/DJI_20200223_163610_185.png",
      "transform_matrix": [
        [
          -0.12330162974811643,
          -0.025133335209335233,
          0.9920509178301545,
          3.938952529293869
        ],
        [
          0.9918181429193259,
          0.030190308858996387,
          0.12403756135565654,
          0.5570624623312294
        ],
        [
          -0.0330678012212434,
          0.9992281324688509,
          0.02120518356777846,
          -0.060408710173295986
        ],
        [
          0.0,
          0.0,
          0.0,
          1.0
        ]
      ]
    },
    {
      "file_path": "images_8/DJI_20200223_163614_400.png",
      "transform_matrix": [
        [
          -0.09549336774556666,
          0.05444532496948542,
          0.9939399998543752,
          4.090102577026673
        ],
        [
          0.9951218569053613,
          0.03006695053950555,
          0.09395992972794776,
          0.4152262117243888
        ],
        [
          -0.024769065906709513,
          0.9980639684304589,
          -0.05705092724830703,
          -0.1953653003548819
        ],
        [
          0.0,
          0.0,
          0.0,
          1.0
        ]
      ]
    },
    {
      "file_path": "images_8/DJI_20200223_163615_330.png",
      "transform_matrix": [
        [
          -0.07504321191552957,
          0.051869112121028606,
          0.9958303628420433,
          4.093175709122915
        ],
        [
          0.9970329066703462,
          0.021071550814670065,
          0.0740362935508396,
          0.29492742306450337
        ],
        [
          -0.01714349328220355,
          0.9984315624813637,
          -0.05329648847761343,
          -0.1827680880915652
        ],
        [
          0.0,
          0.0,
          0.0,
          1.0
        ]
      ]
    },
    {
      "file_path": "images_8/DJI_20200223_163616_140.png",
      "transform_matrix": [
        [
          -0.044682341818482706,
          0.04953757853790979,
          0.9977722769485807,
          4.0850828331046225
        ],
        [
          0.9989732528214502,
          0.009692407672502928,
          0.04425491363499828,
          0.13596856970442253
        ],
        [
          -0.007478534412624994,
          0.9987252302565748,
          -0.04991979544158069,
          -0.1660328635237339
        ],
        [
          0.0,
          0.0,
          0.0,
          1.0
        ]
      ]
    },
    {
      "file_path": "images_8/DJI_20200223_163616_980.png",
      "transform_matrix": [
        [
          -0.01761434126851555,
          0.047373523384144425,
          0.9987219253970477,
          4.065383658195121
        ],
        [
          0.9998448530280363,
          0.0009041934325629795,
          0.017591256566298192,
          0.025633720027279133
        ],
        [
          -6.967800160065237e-05,
          0.9988768351109893,
          -0.04738210029713411,
          -0.15146541049392395
        ],
        [
          0.0,
          0.0,
          0.0,
          1.0
        ]
      ]
    },
    {
      "file_path": "images_8/DJI_20200223_163617_790.png",
      "transform_matrix": [
        [
          0.007745364145862264,
          0.04634136067009888,
          0.9988956340030873,
          4.05588104587901
        ],
        [
          0.9999316479629223,
          -0.009108132535559017,
          -0.00733084741823734,
          -0.11111576461971616
        ],
        [
          0.008758352379465373,
          0.9988841375344274,
          -0.04640873894687289,
          -0.14081085913754124
        ],
        [
          0.0,
          0.0,
          0.0,
          1.0
        ]
      ]
    },
    {
      "file_path": "images_8/DJI_20200223_163618_570.png",
      "transform_matrix": [
        [
          0.043930677539599686,
          0.0478962555588599,
          0.9978857871917458,
          4.0564947255350585
        ],
        [
          0.9988349962579223,
          -0.02207066092631984,
          -0.04291312359537812,
          -0.25275894592282466
        ],
        [
          0.01996862091774961,
          0.9986084491103866,
          -0.04881003533014238,
          -0.15145269634548697
        ],
        [
          0.0,
          0.0,
          0.0,
          1.0
        ]
      ]
    },
    {
      "file_path": "images_8/DJI_20200223_163619_411.png",
      "transform_matrix": [
        [
          0.08039536431806417,
          0.0498678114749356,
          0.9955148350375319,
          4.091921831623098
        ],
        [
          0.9962650925678012,
          -0.0355860635809404,
          -0.07867335895768207,
          -0.40458169406989014
        ],
        [
          0.03150318598281336,
          0.9981216526368147,
          -0.05254251436146595,
          -0.1779078885912663
        ],
        [
          0.0,
          0.0,
          0.0,
          1.0
        ]
      ]
    },
    {
      "file_path": "images_8/DJI_20200223_163621_570.png",
      "transform_matrix": [
        [
          0.07045091092448216,
          0.08576467528816847,
          0.9938214576208163,
          4.200254414056442
        ],
        [
          0.9971426146872309,
          -0.033284764401776974,
          -0.0678139398164657,
          -0.29450156199510297
        ],
        [
          0.027263072545968853,
          0.9957592806177439,
          -0.08786455453665763,
          -0.3583756071528941
        ],
        [
          0.0,
          0.0,
          0.0,
          1.0
        ]
      ]
    },
    {
      "file_path": "images_8/DJI_20200223_163622_290.png",
      "transform_matrix": [
        [
          0.046397169330047186,
          0.0905394404116354,
          0.9948114959192245,
          4.162861421578359
        ],
        [
          0.998735869724979,
          -0.02348386076735841,
          -0.04444289378685146,
          -0.19387179257574758
        ],
        [
          0.019338179926199323,
          0.9956159490578398,
          -0.09151457142847404,
          -0.36774882835271927
        ],
        [
          0.0,
          0.0,
          0.0,
          1.0
        ]
      ]
    },
    {
      "file_path": "images_8/DJI_20200223_163623_310.png",
      "transform_matrix": [
        [
          0.0142072970446807,
          0.09264959539950053,
          0.9955974111998943,
          4.121727022262624
        ],
        [
          0.9998609455711913,
          -0.010011375861042168,
          -0.01333648660076515,
          -0.0414149355171337
        ],
        [
          0.008731679802190941,
          0.9956484443972259,
          -0.09277894665361677,
          -0.382829958300525
        ],
        [
          0.0,
          0.0,
          0.0,
          1.0
        ]
      ]
    },
    {
      "file_path": "images_8/DJI_20200223_163624_060.png",
      "transform_matrix": [
        [
          -0.00929987667353386,
          0.09359662625234422,
          0.9955667651408289,
          4.1021758406892
        ],
        [
          0.9999469477244319,
          -0.0035390544098525076,
          0.009673511796469707,
          0.06579407708218962
        ],
        [
          0.0044287730186360645,
          0.9956039105251653,
          -0.09355874796878354,
          -0.39649836455132653
        ],
        [
          0.0,
          0.0,
          0.0,
          1.0
        ]
      ]
    },
    {
      "file_path": "images_8/DJI_20200223_163624_765.png",
      "transform_matrix": [
        [
          -0.034873962014765496,
          0.09162817166339604,
          0.9951824380162434,
          4.080100244960427
        ],
        [
          0.9993727434173985,
          0.009333564217556947,
          0.03416144454468489,
          0.19085989565383796
        ],
        [
          -0.006158448488399517,
          0.9957495482005292,
          -0.09189619565355395,
          -0.41018595596778373
        ],
        [
          0.0,
          0.0,
          0.0,
          1.0
        ]
      ]
    },
    {
      "file_path": "images_8/DJI_20200223_163625_486.png",
      "transform_matrix": [
        [
          0.02719448685196397,
          0.09304777363188653,
          0.9952901947230999,
          4.069024424524797
        ],
        [
          0.999486094843555,
          -0.0194342720575287,
          -0.02549225929521967,
          0.3130800810048849
        ],
        [
          0.016970742448172475,
          0.995471958870103,
          -0.09352846095716737,
          -0.429891573671223
        ],
        [
          0.0,
          0.0,
          0.0,
          1.0
        ]
      ]
    },
    {
      "file_path": "images_8/DJI_20200223_163627_196.png",
      "transform_matrix": [
        [
          -0.08640893565980191,
          0.10259211821859551,
          0.9909633460035242,
          4.075372722287897
        ],
        [
          0.9960554014785724,
          0.029041949375231614,
          0.08384630201652879,
          0.3483789733494177
        ],
        [
          -0.020177537598672687,
          0.9942994631703481,
          -0.10469691743575998,
          -0.4504823729148907
        ],
        [
          0.0,
          0.0,
          0.0,
          1.0
        ]
      ]
    },
    {
      "file_path": "images_8/DJI_20200223_163640_741.png",
      "transform_matrix": [
        [
          0.052258706994285746,
          -0.025910217265694625,
          0.9982973946622659,
          3.8906320077915484
        ],
        [
          0.9984720605981978,
          -0.01662313499807149,
          -0.052699293995507004,
          -0.21081403831033865
        ],
        [
          0.017960282516866197,
          0.9995260537019621,
          0.025001924482634368,
          0.19092031082107716
        ],
        [
          0.0,
          0.0,
          0.0,
          1.0
        ]
      ]
    },
    {
      "file_path": "images_8/DJI_20200223_163641_521.png",
      "transform_matrix": [
        [
          0.0124976022945355,
          -0.02805219638591825,
          0.9995283308739935,
          3.8670298680629016
        ],
        [
          0.9999060538686146,
          -0.00527730348324464,
          -0.012650434966489151,
          -0.04170776495853072
        ],
        [
          0.005629686828170269,
          0.999592529159162,
          0.0279836073504697,
          0.19774819275769542
        ],
        [
          0.0,
          0.0,
          0.0,
          1.0
        ]
      ]
    },
    {
      "file_path": "images_8/DJI_20200223_163642_330.png",
      "transform_matrix": [
        [
          -0.0251061757857836,
          -0.03116831982221471,
          0.9991987869197059,
          3.8629045568265266
        ],
        [
          0.9996671924152277,
          0.005147874821670487,
          0.02527852435322986,
          0.12500185733057523
        ],
        [
          -0.005931639408702756,
          0.999500893060741,
          0.031028703318777138,
          0.20461422457572528
        ],
        [
          0.0,
          0.0,
          0.0,
          1.0
        ]
      ]
    },
    {
      "file_path": "images_8/DJI_20200223_163643_411.png",
      "transform_matrix": [
        [
          -0.08369345429226481,
          -0.03655589674472152,
          0.9958208032205174,
          3.8766660146482823
        ],
        [
          0.9961664298116154,
          0.022456056643242555,
          0.08454684876691668,
          0.36424034408917955
        ],
        [
          -0.025452894237254213,
          0.9990792720991467,
          0.03453633219849549,
          0.19626279088084583
        ],
        [
          0.0,
          0.0,
          0.0,
          1.0
        ]
      ]
    },
    {
      "file_path": "images_8/DJI_20200223_163644_295.png",
      "transform_matrix": [
        [
          -0.09621582161983636,
          -0.011198505619568071,
          0.9952974978099997,
          3.9497108142360347
        ],
        [
          0.9950522296596642,
          0.023802187544391958,
          0.09645991974614554,
          0.3479599622598697
        ],
        [
          -0.024770464658677945,
          0.9996539648022837,
          0.008852950954674312,
          0.07728578814844196
        ],
        [
          0.0,
          0.0,
          0.0,
          1.0
        ]
      ]
    },
    {
      "file_path": "images_8/DJI_20200223_163645_060.png",
      "transform_matrix": [
        [
          -0.05691321337958323,
          -0.005962969781289837,
          0.9983613219366704,
          3.938868442859589
        ],
        [
          0.998310099471664,
          0.011419114556474739,
          0.05697849695826363,
          0.19639219739158953
        ],
        [
          -0.01174016335949383,
          0.9999170199666928,
          0.0053029944521473665,
          0.06726855932833603
        ],
        [
          0.0,
          0.0,
          0.0,
          1.0
        ]
      ]
    },
    {
      "file_path": "images_8/DJI_20200223_163645_961.png",
      "transform_matrix": [
        [
          -0.017893529606711846,
          -0.005943513939364835,
          0.9998222323219287,
          3.9295436050902275
        ],
        [
          0.9998390839675481,
          0.0011696549324340657,
          0.01790078429213891,
          0.0294528956733839
        ],
        [
          -0.001275840566558473,
          0.9999816531088609,
          0.0059216282775196765,
          0.0762344628414067
        ],
        [
          0.0,
          0.0,
          0.0,
          1.0
        ]
      ]
    },
    {
      "file_path": "images_8/DJI_20200223_163647_626.png",
      "transform_matrix": [
        [
          0.06457212724038895,
          -0.005471621005339911,
          0.9978980417618643,
          3.9239516059243074
        ],
        [
          0.9976617078163663,
          -0.02208800628797637,
          -0.0646779462812015,
          -0.32466770350072144
        ],
        [
          0.02239547143064982,
          0.9997410571476657,
          0.004032557204197529,
          0.04535152365330628
        ],
        [
          0.0,
          0.0,
          0.0,
          1.0
        ]
      ]
    },
    {
      "file_path": "images_8/DJI_20200223_163648_601.png",
      "transform_matrix": [
        [
          0.08373750395779311,
          -0.006446265833318682,
          0.9964669969912014,
          4.010347849722357
        ],
        [
          0.99596620078608,
          -0.03181060263873005,
          -0.08390120649610898,
          -0.38956288558492436
        ],
        [
          0.032239065164705795,
          0.9994731268130727,
          0.0037565224269070115,
          -0.11483118690011193
        ],
        [
          0.0,
          0.0,
          0.0,
          1.0
        ]
      ]
    },
    {
      "file_path": "images_8/DJI_20200223_163649_576.png",
      "transform_matrix": [
        [
          0.03633520719320122,
          -0.0950670428264551,
          0.994807524142936,
          3.9740656577871976
        ],
        [
          0.999183721554585,
          -0.014128949421347028,
          -0.037845255562340106,
          -0.16197424871762472
        ],
        [
          0.01765342172391413,
          0.9953705994057788,
          0.09447606334387956,
          -0.09817556936631935
        ],
        [
          0.0,
          0.0,
          0.0,
          1.0
        ]
      ]
    },
    {
      "file_path": "images_8/DJI_20200223_163651_301.png",
      "transform_matrix": [
        [
          -0.022632455937304476,
          -0.1016128923225704,
          0.9945665347562356,
          3.9908246842450588
        ],
        [
          0.9997399460558003,
          0.0004809394518761767,
          0.022799319235217774,
          0.08302693546858105
        ],
        [
          -0.002795031054556142,
          0.9948238983940947,
          0.10157558264818722,
          -0.083615872222186
        ],
        [
          0.0,
          0.0,
          0.0,
          1.0
        ]
      ]
    },
    {
      "file_path": "images_8/DJI_20200223_163652_711.png",
      "transform_matrix": [
        [
          -0.0721139089729665,
          -0.1018226040814643,
          0.992185336232927,
          4.011652975014332
        ],
        [
          0.9972624570648142,
          0.008941555435784787,
          0.07340054710585425,
          0.313378978120321
        ],
        [
          -0.01634551503382175,
          0.9947623866478852,
          0.10089904981624587,
          -0.07729955151119623
        ],
        [
          0.0,
          0.0,
          0.0,
          1.0
        ]
      ]
    },
    {
      "file_path": "images_8/DJI_20200223_163654_571.png",
      "transform_matrix": [
        [
          -0.09782239310974014,
          0.028230568340894133,
          0.994803404910926,
          4.054881482921949
        ],
        [
          0.9948707685839118,
          0.0286351231500058,
          0.09701640860927063,
          0.44531071220933777
        ],
        [
          -0.025747489656237316,
          0.9991912052946965,
          -0.030886923496391744,
          -0.10533415637747491
        ],
        [
          0.0,
          0.0,
          0.0,
          1.0
        ]
      ]
    }
  ]
}